Rotation -30 deg zeroZ 4400
2 -413.666 27.502 4399.053
3 -399.706 3.424 4399.835
4 -412.696 12.365 4400.217
9 -425.648 49.974 4398.073
10 -373.909 -24.758 4400.568
11 -423.876 5.846 4402.968
12 -425.618 34.725 4400.435
13 -360.553 -1.796 4396.696
14 -451.491 34.737 4401.721
15 -361.791 12.245 4393.154
17 -359.087 -31.720 4400.523
18 -374.602 19.424 4394.317
19 -334.669 -4.037 4392.903
20 -386.711 -2.595 4399.608
21 -371.158 -9.782 4401.052
22 -387.519 -16.670 4402.433
25 -412.872 42.406 4397.554
29 -374.582 4.940 4396.469
31 -400.040 19.142 4398.488
32 -399.810 34.836 4396.320
36 -413.178 -3.459 4400.847
37 -451.444 19.431 4398.942
39 -346.448 -9.509 4394.951
40 -441.158 9.783 4399.656
41 -399.509 -10.283 4401.491
42 -359.472 -17.101 4401.302
43 -439.270 41.752 4401.090
45 -439.965 27.327 4403.052
46 -465.562 27.390 4398.070
47 -387.545 12.393 4396.976
48 -351.623 5.947 4393.001
49 -426.619 19.962 4402.876
50 -386.699 27.304 4395.368
